0.0402275
0.104231
0.811356
0.461678
0.4236
0.450218
0.809327
0.364645
0.583526
0.321485
0.200678
0.800152
0.161879
0.700648
0.792804
0.658994
0.707834
0.568677
0.756445
0.569101
0.877909
0.0117415
0.339944
0.443583
0.297817
0.413917
0.699538
0.143466
0.236694
0.119655
0.0490687
0.697924
0.00838743
0.9676
0.460887
0.123922
0.762239
0.949898
0.932162
0.840768
0.779872
0.308471
0.47446
0.248992
0.805474
0.605438
0.602451
0.394641
0.729229
0.154625
0.783158
0.541272
0.160589
0.0211592
0.621994
0.84701
0.699349
0.953313
0.329642
0.300644
0.916895
0.247679
0.740693
0.829318
0.340456
0.0401608
0.982767
0.36708
0.508245
0.0702466
0.634467
0.490641
0.200453
0.0216518
0.901604
0.25154
0.636963
0.431676
0.183308
0.85137
0.980923
0.378031
0.559985
0.660248
0.790257
0.853168
0.194004
0.617672
0.213498
0.261178
0.621675
0.494212
0.218375
0.22683
0.323814
0.345219
0.0951606
0.364687
0.290779
0.128324
0.742434
0.0952741
0.271589
0.604398
0.120682
0.305728
0.365437
0.896298
0.0721835
0.187812
0.554306
0.224226
0.56098
0.390654
0.725358
0.0836083
0.205066
0.542786
0.609234
0.396126
0.69033
0.38308
0.417949
0.467373
0.144135
0.472707
0.792119
0.141537
0.804971
0.153218
0.132003
0.581646
0.722206
0.119539
0.0875771
0.908233
0.668907
0.319637
0.139243
0.25889
0.158256
0.801368
0.591152
0.499029
0.188199
0.0608052
0.953625
0.579219
0.92973
0.964784
0.116917
0.0290235
0.798343
0.752005
0.943324
0.443464
0.300496
0.444232
0.198893
0.795199
0.906638
0.859468
0.0748323
0.70672
0.848432
0.601785
0.196703
0.988105
0.0820497
0.00900274
0.309052
0.232628
0.772458
0.700557
0.266725
0.842608
0.714849
0.462153
0.407287
0.27944
0.554104
0.82287
0.975177
0.806418
0.460723
0.376695
0.104769
0.85849
0.645554
0.819557
0.288369
0.613198
0.0238154
0.266022
0.0357553
0.939194
0.028695
0.276918
0.157848
0.944568
0.361893
0.342175
0.927869
0.6926
0.526095
0.085284
0.36831
0.194184
0.65039
0.106403
0.323529
0.547795
0.798709
0.903077
0.0156126
0.401601
0.702481
0.592338
0.419714
0.134956
0.199943
0.435264
0.478854
0.0965069
0.990728
0.167839
0.870395
0.732475
0.7114
0.498223
0.636919
0.696013
0.894298
0.462295
0.785823
0.323248
0.834388
0.560413
0.864601
0.349612
0.931171
0.189392
0.113356
0.180574
0.91243
0.207441
0.459602
0.527025
0.709707
0.0408793
0.0585184
0.51806
0.0293629
0.501849
0.572803
0.0999001
0.0203539
0.0885968
0.046064
0.198182
0.85194
0.558873
0.980849
0.131313
0.984947
0.999238
0.200192
0.63055
0.652499
0.551443
0.100695
0.381618
0.84743
0.763774
0.748554
0.94009
0.0903235
0.0671413
0.443463
0.281251
0.99281
0.165406
0.974524
0.832001
0.438829
0.392121
0.378382
0.45857
0.191954
0.165094
0.743246
0.738264
0.996183
0.846891
0.699852
0.416122
0.770717
0.44764
0.477546
0.116838
0.688053
0.113723
0.3361
0.82972
0.105006
0.833511
0.819689
0.518305
0.149023
0.625847
0.613511
0.273642
0.104317
0.263015
0.485236
0.365577
0.252637
0.0748243
0.571402
0.560075
0.185764
0.135922
0.44257
0.277718
0.607588
0.738097
0.197771
0.932287
0.949638
0.557652
0.451774
0.963058
0.110483
0.890945
0.10659
0.452464
0.566268
0.272891
0.473919
0.160527
0.97054
0.857776
0.632953
0.0469891
0.746595
0.0295106
0.984318
0.438437
0.818863
0.631649
0.126933
0.367253
0.421133
0.988078
0.62373
0.0245913
0.305779
0.222252
0.390268
0.231647
0.286955
0.845924
0.438027
0.911474
0.142128
0.737276
0.39247
0.245505
0.208368
0.0333957
0.281642
0.563212
0.900845
0.510219
0.249403
0.722748
0.227186
0.321631
0.64454
0.789878
0.479788
0.790843
0.690358
0.854517
0.859693
0.865166
0.852131
0.772787
0.236626
0.968084
0.578921
0.930816
0.227976
0.596288
0.80621
0.979093
0.607799
0.276743
0.219453
0.345086
0.854886
0.0674442
0.534117
0.904011
0.719027
0.685065
0.891332
0.615789
0.562401
0.268343
0.0462616
0.518042
0.734755
0.0248897
0.32166
0.132984
0.063236
0.807946
0.145576
0.693645
0.0973353
0.914191
0.812146
0.74082
0.956423
0.601282
0.743864
0.126172
0.576234
0.768619
0.185354
0.239271
0.422894
0.578563
0.900787
0.519119
0.830064
0.887167
0.60908
0.809754
0.529021
0.247859
0.767502
0.411193
0.920788
0.685432
0.0480001
0.737596
0.778343
0.605172
0.122943
0.294681
0.711412
0.706467
0.594386
0.842426
0.657008
0.332948
0.851853
0.0863965
0.0667745
0.27918
0.173176
0.57289
0.561999
0.515321
0.00807329
0.68776
0.175174
0.150252
0.29294
0.45066
0.247963
0.507688
0.706849
0.00857283
0.0836146
0.310471
0.093717
0.101713
0.496103
0.999484
0.325401
0.0148401
0.41738
0.908129
0.91663
0.798099
0.641236
0.246253
0.770402
0.153304
0.58385
0.762111
0.798711
0.929561
0.139488
0.370011
0.774527
0.476669
0.377601
0.333937
0.478144
0.174301
0.479614
0.867537
0.695731
0.15457
0.862417
0.646648
0.216854
0.667739
0.687581
0.174575
0.0884295
0.234832
0.824681
0.420208
0.431486
0.989171
0.991584
0.558802
0.792939
0.931216
0.942328
0.706265
0.190596
0.348371
0.0795162
0.428122
0.454328
0.889793
0.751603
0.188572
0.335425
0.481438
0.522972
0.582696
0.3765
0.827454
0.0150919
0.650068
0.700863
0.409401
0.797046
0.949642
0.629239
0.627922
0.48494
0.38324
0.112865
0.926267
0.769569
0.141834
0.797115
0.109838
0.0540294
0.0720948
0.697796
0.864048
0.0605649
0.914264
0.0329267
0.399628
0.541395
0.22481
0.375858
0.0369332
0.736605
0.123751
0.876625
0.441258
0.227447
0.702527
0.368369
0.180635
0.936283
0.112424
0.503457
0.595933
0.852472
0.500594
0.482256
0.279185
0.264471
0.961189
0.698082
0.66911
0.737898
0.846668
0.950622
0.107175
0.285515
0.643291
0.799697
0.499668
0.917611
0.292242
0.713587
0.263227
0.0512823
0.901056
0.0396688
0.714185
0.299293
0.21853
0.829919
0.44984
0.453408
0.422289
0.411686
0.210948
0.4029
0.541588
0.476337
0.802244
0.312882
0.603114
0.534671
0.222259
0.503421
0.00498773
0.828703
0.00953095
0.186745
0.62339
0.313189
0.763352
0.659906
0.0353949
0.881404
0.755303
0.378616
0.406786
0.849165
0.915614
0.727198
0.0231243
0.650665
0.726701
0.656759
0.149753
0.90409
0.0416833
0.571261
0.190783
0.488084
0.225523
0.370833
0.586402
0.655193
0.827341
0.124304
0.172755
0.499864
0.206729
0.494625
0.161898
0.026319
0.343244
0.907661
0.0571238
0.0789603
0.0861064
0.189671
0.796507
0.893781
0.78073
0.732031
0.251892
0.543899
0.314202
0.789024
0.121139
0.987826
0.385993
0.389983
0.447575
0.39397
0.446993
0.619985
0.0856576
0.646546
0.492455
0.683802
0.655731
0.873708
0.417476
0.51939
0.390302
0.799411
0.695795
0.234022
0.211847
0.510712
0.5363
0.588959
0.633355
0.803267
0.504504
0.191607
0.342354
0.944246
0.934604
0.884533
0.349929
0.254816
0.692105
0.210015
0.714661
0.309895
0.406206
0.101399
0.205868
0.0315885
0.907863
0.458166
0.403251
0.44613
0.1083
0.192731
0.23571
0.583242
0.541123
0.656605
0.558145
0.744
0.406502
0.0838766
0.713321
0.781042
0.965399
0.466218
0.733166
0.319017
0.716405
0.62569
0.969974
0.360328
0.0278236
0.632004
0.0971538
0.864333
0.851485
0.902813
0.586514
0.536535
0.538544
0.30968
0.784718
0.752229
0.710734
0.314694
0.0568628
0.692836
0.495035
0.0545583
0.961723
0.683686
0.702896
0.564811
0.777482
0.138473
0.309223
0.103238
0.123158
0.909869
0.172663
0.939317
0.0979244
0.815801
0.160193
0.370248
0.757327
0.399366
0.148039
0.0928221
0.0614273
0.409428
0.249582
0.727628
0.240179
0.69585
0.152141
0.0413118
0.326664
0.241926
0.046347
0.954463
0.654239
0.803304
0.132272
0.10067
0.956458
0.188627
0.260251
0.038787
0.892685
0.351485
0.41541
0.796584
0.183301
0.735931
0.798548
0.199528
0.470539
0.343496
0.142259
0.945079
0.93943
0.995686
0.493283
0.605535
0.230187
0.755357
0.279745
0.667713
0.245963
0.891804
0.546914
0.983838
0.367776
0.210201
0.844927
0.689792
0.333292
0.642763
0.921213
0.823589
0.0607429
0.905784
0.510915
0.955562
0.133221
0.0425691
0.459403
0.182857
0.270522
0.664732
0.150398
0.74135
0.863841
0.572563
0.0736087
0.142168
0.419383
0.568396
0.0273613
0.860615
0.361972
0.669527
0.736738
0.355244
0.58847
0.408749
0.846312
0.961094
0.106371
0.776833
0.23868
0.500138
0.815412
0.625778
0.445558
0.494904
0.85527
0.527877
0.0320955
0.429324
0.643426
0.0565319
0.13087
0.535135
0.020234
0.0724693
0.991074
0.977948
0.367406
0.989145
0.561737
0.108864
0.681828
0.49002
0.767348
0.810874
0.35914
0.0615269
0.0830184
0.290199
0.369726
0.98439
0.641898
0.384546
0.0620431
0.757719
0.98535
0.775215
0.0387131
0.651242
0.432917
0.0323875
0.336708
0.0458007
0.772918
0.44039
0.641544
0.436756
0.552263
0.892221
0.561892
0.723333
0.0637977
0.248347
0.971768
0.501437
0.645965
0.738975
0.951471
0.368236
0.943851
0.304894
0.355735
0.837103
0.186714
0.0980605
0.102235
0.26731
0.687101
0.100118
0.68394
0.979529
0.942226
0.994137
0.457911
0.105667
0.942056
0.136197
0.0668901
0.221371
0.590682
0.589646
0.178737
0.0329577
0.919752
0.279719
0.243312
0.346325
0.681997
0.32621
0.614855
0.867979
0.121797
0.0479255
0.483593
0.741624
0.475607
0.529605
0.0657654
0.318905
0.8417
0.458531
0.537912
0.683677
0.562076
0.805389
0.17092
0.646649
0.22832
0.370599
0.649378
0.0970187
0.592432
0.0100402
0.745044
0.957018
0.600721
0.314263
0.822128
0.503788
0.157171
0.579358
0.263623
0.717048
0.424444
0.626214
0.783445
0.352
0.0712805
0.0118166
0.602385
0.278037
0.969919
0.432097
0.251536
0.573976
0.815557
0.0716746
0.635109
0.270197
0.194499
